
-0.0785699402 -0.0015007513
-0.0796984929  0.0009083663
-0.0785188508 -0.0008072368
-0.0795220396  0.0000810519
-0.0786013892 -0.0011074399
-0.0790769127  0.0010595271
-0.0783034087 -0.0014844786
-0.0786671484 -0.0007454515
-0.0788103870 -0.0013692341
-0.0794449000  0.0007548541
-0.0789398275 -0.0016220500
-0.0784333042 -0.0018568808
-0.0786694239 -0.0010850478
-0.0785588119 -0.0001256649
-0.0797172872  0.0010785384
-0.0794330600  0.0009306343
-7.943819e-02 -1.991556e-04
-7.724029e-02 -1.785764e-03
-7.903355e-02  6.271812e-04
-7.920525e-02 -1.502164e-05
-7.953974e-02 -4.145766e-05
-7.950880e-02  8.228633e-04
-7.935580e-02  1.021927e-03
-7.920931e-02  1.878684e-03
-0.078572005 -0.001335671
-0.078363516 -0.001342503
-0.078383650 -0.002499328
-0.078438843 -0.001321940
-0.078450186 -0.001216786
-0.078583375 -0.001138983
-0.079359234  0.001097228
-0.078400127 -0.001757452
-7.882187e-02 -7.224942e-04
-7.920628e-02  1.534054e-03
-7.962371e-02  8.294595e-04
 4.279695e-01 -1.232203e-03
-7.964208e-02  1.642075e-03
 4.281208e-01  1.100283e-03
 4.278040e-01 -3.081839e-05
-7.934852e-02  1.187195e-03
 4.271903e-01  1.489489e-04
 4.267256e-01 -8.865332e-04
 4.281319e-01  2.540678e-03
-7.968363e-02  1.192822e-03
-7.848259e-02 -1.905763e-04
-7.804348e-02 -1.708271e-03
-7.857481e-02 -1.938833e-05
-7.844146e-02 -1.231274e-03
-0.0781518418 -0.0018087807
-0.0784807055 -0.0007215505
-0.0786757881 -0.0011473580
-0.0785291826 -0.0007346830
-0.0792682131  0.0004862138
-0.0781674230 -0.0007589500
-0.0786823495 -0.0015545095
 0.4280610223  0.0025408022
 0.4268855137 -0.0021046456
-0.0796079101  0.0013825257
 0.4278259701 -0.0014293445
 0.4277457619  0.0010822593
-0.0787458981 -0.0015830166
-0.0793309689  0.0016190855
-0.0784757942 -0.0007182886
-0.0791418966  0.0007766087
 4.273655e-01  2.085577e-03
-7.847073e-02 -1.283202e-04
 4.274381e-01  5.154425e-05
-7.858406e-02 -1.077049e-03
-7.909113e-02  7.392004e-04
-7.841658e-02 -1.631173e-03
 4.286191e-01  1.476073e-03
-7.847322e-02 -1.756512e-04
-0.0784458470 -0.0007989265
-0.0785052039 -0.0006661313
-0.0792633554  0.0003927287
-0.0783371256 -0.0010350428
-0.0784381664 -0.0013234453
 0.4281996583  0.0032926164
-0.0795317251 -0.0001721066
 0.4276686407  0.0028640530
 0.4281349210 -0.0009965488
-0.0793552426  0.0010219870
-0.0781856704 -0.0007236425
-0.0794731978  0.0002430428
-0.0784806847 -0.0003961207
-0.0791854576  0.0012358150
 0.4279819238  0.0011271236
-0.0784763535 -0.0009916267
-7.926715e-02  7.131879e-05
-7.846816e-02 -2.828223e-04
 4.281924e-01  1.832222e-03
-7.860155e-02 -1.044492e-03
 4.273171e-01  4.437197e-03
-7.847415e-02 -5.776123e-05
-7.841751e-02 -1.902279e-04
-7.837114e-02 -1.366997e-03
-0.0794705059  0.0010190615
-0.0783300202 -0.0018039424
-0.0785918662 -0.0016221480
-0.0792274761  0.0009184863
-0.0793572435 -0.0006110331
-0.0788768865  0.0015465465
-0.0792079058  0.0007908589
-0.0792840621  0.0002526229
-0.0795908340  0.0017150950
-0.0793766099  0.0001874923
-0.0792053669  0.0015630148
-0.0792552877  0.0004069288
-0.0794367841  0.0013777059
-0.0795776048  0.0011848194
-0.0793548188  0.0009095755
-0.0796877529  0.0002165445
-0.0790740421  0.0007529153
-0.0790756570  0.0008142162
-0.0792649355  0.0008536964
-0.0786030438 -0.0011482122
-0.0791536987  0.0003888281
-0.0783800838 -0.0005169962
